20	0.002335276
19.9	0.002271554
19.8	0.002209317
19.7	0.002148754
19.6	0.002090052
19.5	0.0020334
19.4	0.001979034
19.3	0.001926612
19.2	0.001875459
19.1	0.001824901
19	0.001774262
18.9	0.001723266
18.8	0.001672348
18.7	0.001621904
18.6	0.00157233
18.5	0.001524023
18.4	0.001476755
18.3	0.001430271
18.2	0.001384906
18.1	0.00134099
18	0.001298856
17.9	0.001258677
17.8	0.00122007
17.7	0.001182535
17.6	0.001145571
17.5	0.001108679
17.4	0.001071644
17.3	0.001034778
17.2	0.000998387
17.1	0.000962772
17	0.000928239
16.9	0.000894612
16.8	0.000861691
16.7	0.000829709
16.6	0.000798896
16.5	0.000769481
16.4	0.000741532
16.3	0.000714759
16.2	0.000688854
16.1	0.000663508
16	0.000638412
15.9	0.000613414
15.8	0.000588691
15.7	0.000564439
15.6	0.000540853
15.5	0.00051813
15.4	0.000496128
15.3	0.000474709
15.2	0.000454032
15.1	0.000434255
15	0.000415538
14.9	0.000397886
14.8	0.000381076
14.7	0.000364912
14.6	0.000349197
14.5	0.000333735
14.4	0.000318412
14.3	0.000303332
14.2	0.000288624
14.1	0.000274415
14	0.000260833
13.9	0.000247778
13.8	0.000235149
13.7	0.000223043
13.6	0.000211553
13.5	0.000200775
13.4	0.00019068
13.3	0.000181119
13.2	0.000171988
13.1	0.000163184
13	0.000154603
12.9	0.000146167
12.8	0.00013792
12.7	0.000129937
12.6	0.000122295
12.5	0.00011507
12.4	0.000108193
12.3	0.000101595
12.2	9.53259E-05
12.1	8.9437E-05
12	8.39785E-05
11.9	7.89108E-05
11.8	7.41417E-05
11.7	6.96268E-05
11.6	6.53222E-05
11.5	6.11835E-05
11.4	5.71593E-05
11.3	5.32578E-05
11.2	4.95192E-05
11.1	4.59839E-05
11	4.26921E-05
10.9	3.95976E-05
10.8	3.66573E-05
10.7	3.38962E-05
10.6	3.13394E-05
10.5	2.90117E-05
10.4	2.68785E-05
10.3	2.48879E-05
10.2	2.30256E-05
10.1	2.12776E-05
10	1.96296E-05
9.9	1.80504E-05
9.8	1.65348E-05
9.7	1.51016E-05
9.6	1.37695E-05
9.5	1.25571E-05
9.4	1.14375E-05
9.3	1.03864E-05
9.2	9.41437E-06
9.1	8.5321E-06
9	7.75008E-06
8.9	7.04621E-06
8.8	6.39573E-06
8.7	5.7965E-06
8.6	5.24637E-06
8.5	4.74316E-06
8.4	4.27101E-06
8.3	3.82331E-06
8.2	3.40722E-06
8.1	3.02988E-06
8	2.69839E-06
7.9	2.39999E-06
7.8	2.12364E-06
7.7	1.87304E-06
7.6	1.65192E-06
7.5	1.46397E-06
7.4	1.29929E-06
7.3	1.14861E-06
7.2	1.0124E-06
7.1	8.91144E-07
7	7.85283E-07
6.9	6.88886E-07
6.8	5.98539E-07
6.7	5.16283E-07
6.6	4.44157E-07
6.5	3.84179E-07
6.4	3.32177E-07
6.3	2.84608E-07
6.2	2.42403E-07
6.1	2.06492E-07
6	1.77791E-07
5.9	1.53592E-07
5.8	1.31577E-07
5.7	1.1202E-07
5.6	9.51976E-08
5.5	8.13774E-08
5.4	6.93059E-08
5.3	5.80905E-08
5.2	4.79952E-08
5.1	3.92838E-08
5	3.22154E-08
4.9	2.60981E-08
4.8	2.04465E-08
4.7	1.54806E-08
4.6	1.14207E-08
4.5	8.48281E-09
4.4	6.12261E-09
4.3	3.96452E-09
4.2	2.1916E-09
4.1	9.86894E-10
4	5.30511E-10
3.9	4.45666E-10
3.8	3.72471E-10
3.7	3.1244E-10
3.6	2.67086E-10
3.5	2.37852E-10
3.4	2.14524E-10
3.3	1.90356E-10
3.2	1.673E-10
3.1	1.47307E-10
3	1.32306E-10
2.9	1.20263E-10
2.8	1.08968E-10
2.7	9.86011E-11
2.6	8.93399E-11
2.5	8.13591E-11
2.4	7.41468E-11
2.3	6.73391E-11
2.2	6.10494E-11
2.1	5.53911E-11
2	5.04752E-11
1.9	4.6065E-11
1.8	4.19657E-11
1.7	3.82092E-11
1.6	3.4827E-11
1.5	3.185E-11
1.4	2.91814E-11
1.3	2.6707E-11
1.2	2.43817E-11
1.1	2.21609E-11
1	2E-11
0.9	1.79021E-11
0.8	1.58701E-11
0.7	1.38786E-11
0.6	1.19024E-11
0.5	9.91627E-12
0.4	7.92418E-12
0.3	5.93967E-12
0.2	3.96322E-12
0.1	1.99531E-12
0	0
-0.1	-5.83416E-12
-0.2	-1.29379E-11
-0.3	-2.08545E-11
-0.4	-2.93761E-11
-0.5	-3.82948E-11
-0.6	-4.77551E-11
-0.7	-5.81669E-11
-0.8	-6.95062E-11
-0.9	-8.17455E-11
-1	-9.48572E-11
-1.1	-1.09797E-10
-1.2	-1.27777E-10
-1.3	-1.48506E-10
-1.4	-1.7168E-10
-1.5	-1.96997E-10
-1.6	-2.27814E-10
-1.7	-2.68272E-10
-1.8	-3.16865E-10
-1.9	-3.72051E-10
-2	-4.32288E-10
-2.1	-5.05242E-10
-2.2	-6.00503E-10
-2.3	-7.13642E-10
-2.4	-8.40138E-10
-2.5	-9.75467E-10
-2.6	-1.13459E-09
-2.7	-1.33877E-09
-2.8	-1.58147E-09
-2.9	-1.85598E-09
-3	-2.15556E-09
-3.1	-2.52902E-09
-3.2	-3.03641E-09
-3.3	-3.65543E-09
-3.4	-4.36325E-09
-3.5	-5.13708E-09
-3.6	-6.09262E-09
-3.7	-7.37059E-09
-3.8	-8.90695E-09
-3.9	-1.06365E-08
-4	-1.24941E-08
-4.1	-1.47007E-08
-4.2	-1.75601E-08
-4.3	-2.09779E-08
-4.4	-2.48578E-08
-4.5	-2.91034E-08
-4.6	-3.4338E-08
-4.7	-4.13284E-08
-4.8	-4.98162E-08
-4.9	-5.95378E-08
-5	-7.02295E-08
-5.1	-8.32054E-08
-5.2	-1.00013E-07
-5.3	-1.19932E-07
-5.4	-1.42232E-07
-5.5	-1.66181E-07
-5.6	-1.93603E-07
-5.7	-2.27211E-07
-5.8	-2.66417E-07
-5.9	-3.10617E-07
-6	-3.59205E-07
-6.1	-4.16899E-07
-6.2	-4.89262E-07
-6.3	-5.74455E-07
-6.4	-6.7061E-07
-6.5	-7.75855E-07
-6.6	-8.97557E-07
-6.7	-1.04427E-06
-6.8	-1.2117E-06
-6.9	-1.39551E-06
-7	-1.59137E-06
-7.1	-1.80593E-06
-7.2	-2.05132E-06
-7.3	-2.32702E-06
-7.4	-2.63247E-06
-7.5	-2.9671E-06
-7.6	-3.35081E-06
-7.7	-3.8039E-06
-7.8	-4.31769E-06
-7.9	-4.88339E-06
-8	-5.49222E-06
-8.1	-6.1649E-06
-8.2	-6.92765E-06
-8.3	-7.76845E-06
-8.4	-8.67511E-06
-8.5	-9.63548E-06
-8.6	-1.06667E-05
-8.7	-1.18007E-05
-8.8	-1.30375E-05
-8.9	-1.4377E-05
-9	-1.58191E-05
-9.1	-1.74071E-05
-9.2	-1.91853E-05
-9.3	-2.11387E-05
-9.4	-2.32526E-05
-9.5	-2.55119E-05
-9.6	-2.79716E-05
-9.7	-3.06842E-05
-9.8	-3.36065E-05
-9.9	-3.66953E-05
-10	-3.99072E-05
-10.1	-4.32491E-05
-10.2	-4.67865E-05
-10.3	-5.05509E-05
-10.4	-5.45741E-05
-10.5	-5.88876E-05
-10.6	-6.35952E-05
-10.7	-6.87694E-05
-10.8	-7.43694E-05
-10.9	-8.03544E-05
-11	-8.66834E-05
-11.1	-9.34677E-05
-11.2	-0.000100795
-11.3	-0.000108542
-11.4	-0.000116584
-11.5	-0.000124798
-11.6	-0.000133128
-11.7	-0.000141688
-11.8	-0.000150602
-11.9	-0.000159995
-12	-0.000169991
-12.1	-0.00018078
-12.2	-0.000192431
-12.3	-0.000204868
-12.4	-0.000218013
-12.5	-0.000231788
-12.6	-0.000246369
-12.7	-0.000261898
-12.8	-0.00027818
-12.9	-0.000295022
-13	-0.000312231
-13.1	-0.000329749
-13.2	-0.000347752
-13.3	-0.000366374
-13.4	-0.000385749
-13.5	-0.000406013
-13.6	-0.000427329
-13.7	-0.000449758
-13.8	-0.000473261
-13.9	-0.0004978
-14	-0.000523339
-14.1	-0.00055015
-14.2	-0.000578361
-14.3	-0.000607654
-14.4	-0.000637709
-14.5	-0.000668208
-14.6	-0.000698955
-14.7	-0.000730209
-14.8	-0.00076233
-14.9	-0.000795676
-15	-0.000830609
-15.1	-0.000867526
-15.2	-0.000906409
-15.3	-0.000946975
-15.4	-0.000988936
-15.5	-0.001032008
-15.6	-0.001076426
-15.7	-0.001122452
-15.8	-0.001169772
-15.9	-0.001218071
-16	-0.001267035
-16.1	-0.001316321
-16.2	-0.001366203
-16.3	-0.00141731
-16.4	-0.001470273
-16.5	-0.001525722
-16.6	-0.001584295
-16.7	-0.001645884
-16.8	-0.001709983
-16.9	-0.001776082
-17	-0.001843677
-17.1	-0.001913451
-17.2	-0.00198576
-17.3	-0.002059477
-17.4	-0.002133478
-17.5	-0.002206636
-17.6	-0.002277958
-17.7	-0.002348166
-17.8	-0.002418737
-17.9	-0.002491142
-18	-0.002566858
-18.1	-0.002646585
-18.2	-0.002729762
-18.3	-0.002815996
-18.4	-0.002904896
-18.5	-0.002996068
-18.6	-0.003090289
-18.7	-0.003187876
-18.8	-0.003287687
-18.9	-0.003388583
-19	-0.003489424
-19.1	-0.003589374
-19.2	-0.003689209
-19.3	-0.003790208
-19.4	-0.00389365
-19.5	-0.004000814
-19.6	-0.004112333
-19.7	-0.004227748
-19.8	-0.00434671
-19.9	-0.00446887
-20	-0.004593881