0.0000000	-0.0200991	-0.0094328	0.0029827	-0.2341852	-415.5103921	-0.0200991	0.0218296	0.0132567	0.0558692	0.0558174	0.1116866	0.0000517
0.0250163	-0.0201254	-0.0104192	0.0028118	0.0694693	-415.5103921	-0.0201254	0.0219480	0.0141633	0.0556448	0.0556343	0.1112791	0.0000105
0.0500326	-0.0169689	-0.0112741	0.0028118	-0.0809901	-415.5103921	-0.0169689	0.0217639	0.0117404	0.0557344	0.0556531	0.1113875	0.0000813
0.0750743	-0.0166664	-0.0105902	0.0027986	0.0133890	-415.5103921	-0.0166664	0.0219874	0.0128957	0.0556924	0.0556195	0.1113120	0.0000729
0.1000906	-0.0174424	-0.0112346	0.0029038	-0.0413235	-415.5103921	-0.0174424	0.0219480	0.0124344	0.0557627	0.0556377	0.1114004	0.0001250
0.1251069	-0.0195862	-0.0113793	0.0028512	-0.1425417	-415.5103921	-0.0195862	0.0217902	0.0126751	0.0557976	0.0557286	0.1115262	0.0000689
0.1501232	-0.0207041	-0.0111952	0.0027065	0.3143078	-415.5103921	-0.0207041	0.0219480	0.0123141	0.0556886	0.0555949	0.1112835	0.0000937
0.1751395	-0.0194678	-0.0110900	0.0029038	0.1529059	-415.5103921	-0.0194678	0.0218428	0.0117645	0.0555387	0.0554732	0.1110119	0.0000655
0.2001558	-0.0186524	-0.0113530	0.0027986	-0.0372201	-415.5103921	-0.0186524	0.0218822	0.0125828	0.0555433	0.0554529	0.1109962	0.0000904
0.2251721	-0.0121947	-0.0112346	0.0029170	-0.3422424	-415.5103921	-0.0121947	0.0217902	0.0133330	0.0554879	0.0554072	0.1108952	0.0000807
0.2501883	-0.0177580	-0.0111689	0.0029564	0.0639980	-415.5103921	-0.0177580	0.0220006	0.0122178	0.0556514	0.0556591	0.1113105	-0.0000077
0.2752046	-0.0154433	-0.0112872	0.0027723	0.7205482	-415.5103921	-0.0154433	0.0220137	0.0125909	0.0555563	0.0554936	0.1110499	0.0000628
0.3002209	-0.0177449	-0.0112872	0.0028775	-0.1986220	-415.5103921	-0.0177449	0.0217902	0.0123020	0.0557341	0.0556539	0.1113880	0.0000802
0.3252372	-0.0215984	-0.0111163	0.0030353	-0.3449780	-415.5103921	-0.0215984	0.0219611	0.0111107	0.0556191	0.0555589	0.1111780	0.0000602
0.3502535	-0.0141018	-0.0103797	0.0029696	-0.0591051	-415.5103921	-0.0141018	0.0220006	0.0128396	0.0555682	0.0554735	0.1110416	0.0000947
0.3752698	-0.0196256	-0.0109716	0.0027065	0.3115722	-415.5103921	-0.0196256	0.0219743	0.0141232	0.0556810	0.0556205	0.1113015	0.0000604
0.4002861	-0.0163508	-0.0102877	0.0028512	0.1255496	-415.5103921	-0.0163508	0.0219085	0.0125066	0.0557875	0.0557030	0.1114906	0.0000845
0.4253024	-0.0186524	-0.0098274	0.0029959	-0.6445290	-415.5103921	-0.0186524	0.0218033	0.0124665	0.0558012	0.0556006	0.1114018	0.0002006
0.4503187	-0.0189549	-0.0098537	0.0030880	-0.1315992	-415.5103921	-0.0189549	0.0220401	0.0119932	0.0557760	0.0556408	0.1114168	0.0001352
0.4753349	-0.0197440	-0.0103929	0.0026671	0.3621813	-415.5103921	-0.0197440	0.0220532	0.0135335	0.0554603	0.0554028	0.1108631	0.0000574
0.5003512	-0.0166007	-0.0092618	0.0027723	0.1077681	-415.5103921	-0.0166007	0.0217902	0.0116041	0.0556712	0.0556516	0.1113228	0.0000196
0.5253675	-0.0174950	-0.0094196	0.0028381	-0.0057604	-415.5103921	-0.0174950	0.0219611	0.0127714	0.0558157	0.0556875	0.1115032	0.0001283
0.5503838	-0.0183630	-0.0092881	0.0029301	-0.0933004	-415.5103921	-0.0183630	0.0218822	0.0116923	0.0557591	0.0556692	0.1114283	0.0000899
0.5754001	-0.0156669	-0.0094460	0.0028644	0.1159749	-415.5103921	-0.0156669	0.0219611	0.0126871	0.0556240	0.0555897	0.1112138	0.0000343
0.6004164	-0.0210461	-0.0095512	0.0027197	0.0708371	-415.5103921	-0.0210461	0.0218033	0.0122699	0.0554293	0.0554162	0.1108455	0.0000132
0.6254327	-0.0175608	-0.0099326	0.0028118	-0.1534842	-415.5103921	-0.0175608	0.0218559	0.0127192	0.0555201	0.0554681	0.1109882	0.0000520
0.6504490	-0.0226375	-0.0102219	0.0029564	-0.0536339	-415.5103921	-0.0226375	0.0219217	0.0126029	0.0556158	0.0555914	0.1112072	0.0000243
0.6754653	-0.0228347	-0.0109584	0.0028118	0.0407452	-415.5103921	-0.0228347	0.0220137	0.0132808	0.0556861	0.0555615	0.1112476	0.0001246
0.7005070	-0.0167716	-0.0113398	0.0029170	-0.0098639	-415.5103921	-0.0167716	0.0219743	0.0127874	0.0555603	0.0555517	0.1111120	0.0000085
0.7255233	-0.0145226	-0.0120238	0.0027591	0.0448487	-415.5103921	-0.0145226	0.0219348	0.0124304	0.0554868	0.0554725	0.1109593	0.0000144
0.7505396	-0.0190075	-0.0135757	0.0029038	-0.0714154	-415.5103921	-0.0190075	0.0218033	0.0120694	0.0553365	0.0553191	0.1106557	0.0000174
0.7755559	-0.0162061	-0.0149304	0.0028775	-0.0686798	-415.5103921	-0.0162061	0.0219480	0.0129800	0.0554590	0.0554323	0.1108914	0.0000267
0.8005722	-0.0145884	-0.0169952	0.0028381	-0.0262776	-415.5103921	-0.0145884	0.0219085	0.0116241	0.0555041	0.0554479	0.1109521	0.0000562
0.8255884	-0.0163639	-0.0219009	0.0028907	0.0886187	-415.5103921	-0.0163639	0.0219348	0.0120614	0.0554642	0.0554304	0.1108945	0.0000338
0.8506047	-0.0234660	-0.0241631	0.0029959	-0.2738517	-415.5103921	-0.0234660	0.0218822	0.0121055	0.0556451	0.0555828	0.1112279	0.0000623
0.8756210	-0.0171267	-0.0271223	0.0029433	-0.0290132	-415.5103921	-0.0171267	0.0219217	0.0122379	0.0555910	0.0554854	0.1110764	0.0001056
0.9006373	-0.0179422	-0.0316335	0.0027986	-0.1616911	-415.5103921	-0.0179422	0.0217770	0.0126992	0.0556677	0.0555620	0.1112297	0.0001057
0.9256536	-0.0171004	-0.0360657	0.0027197	-0.0030248	-415.5103921	-0.0171004	0.0220006	0.0133931	0.0556445	0.0555587	0.1112033	0.0000858
0.9506699	-0.0213091	-0.0405768	0.0027855	-0.1657945	-415.5103921	-0.0213091	0.0218691	0.0128957	0.0554912	0.0553492	0.1108405	0.0001420
0.9756862	-0.0154433	-0.0475737	0.0028249	-0.1329670	-415.5103921	-0.0154433	0.0218428	0.0132447	0.0553883	0.0553041	0.1106925	0.0000842
1.0007025	-0.0175739	-0.0557148	0.0028907	-0.0372201	-415.5103921	-0.0175739	0.0220137	0.0127794	0.0555226	0.0554807	0.1110033	0.0000420
1.0257188	-0.0135888	-0.0658551	0.0027986	0.1624806	-415.5103921	-0.0135888	0.0219217	0.0137983	0.0555350	0.0555419	0.1110769	-0.0000069
1.0507350	-0.0138650	-0.0755481	0.0027197	0.1474346	-415.5103921	-0.0138650	0.0219085	0.0132487	0.0558279	0.0558032	0.1116311	0.0000247
1.0757513	-0.0148646	-0.0877532	0.0027197	-0.1001395	-415.5103921	-0.0148646	0.0219348	0.0128676	0.0556157	0.0554970	0.1111128	0.0001187
1.1007676	-0.0195862	-0.1061398	0.0028907	-0.0235420	-415.5103921	-0.0195862	0.0218296	0.0122419	0.0557463	0.0555762	0.1113225	0.0001701
1.1257839	-0.0150619	-0.1243028	0.0027591	0.0667337	-415.5103921	-0.0150619	0.0220137	0.0134653	0.0556096	0.0555241	0.1111337	0.0000854
1.1508002	-0.0214669	-0.1431759	0.0028907	-0.3203574	-415.5103921	-0.0214669	0.0217902	0.0131163	0.0556914	0.0556017	0.1112931	0.0000896
1.1758165	-0.0184419	-0.1669154	0.0027855	-0.0153351	-415.5103921	-0.0184419	0.0220269	0.0124946	0.0555872	0.0553751	0.1109623	0.0002122
1.2008328	-0.0191785	-0.1985855	0.0029038	0.1105037	-415.5103921	-0.0191785	0.0218691	0.0120293	0.0557837	0.0555616	0.1113452	0.0002221
1.2258491	-0.0176134	-0.2333858	0.0028644	-0.0153351	-415.5103921	-0.0176134	0.0219085	0.0129599	0.0556931	0.0554513	0.1111445	0.0002418
1.2508654	-0.0184419	-0.2643589	0.0030222	-0.2259783	-415.5103921	-0.0184419	0.0219217	0.0117445	0.0556224	0.0553677	0.1109902	0.0002547
1.2758816	-0.0198755	-0.3051960	0.0029301	0.1405956	-415.5103921	-0.0198755	0.0220006	0.0112390	0.0557106	0.0554408	0.1111514	0.0002697
1.3008979	-0.0165612	-0.3604608	0.0027723	-0.0208064	-415.5103921	-0.0165612	0.0218428	0.0126671	0.0555822	0.0552669	0.1108492	0.0003153
1.3259397	-0.0208488	-0.4157389	0.0030222	-0.3996905	-415.5103921	-0.0208488	0.0219217	0.0120413	0.0556971	0.0553461	0.1110432	0.0003509
1.3509560	-0.0232293	-0.4693334	0.0028249	-0.0987717	-415.5103921	-0.0232293	0.0219874	0.0117886	0.0557209	0.0552684	0.1109893	0.0004525
1.3759723	-0.0209540	-0.5344360	0.0027197	0.3443997	-415.5103921	-0.0209540	0.0219480	0.0131484	0.0557863	0.0553638	0.1111501	0.0004225
1.4009885	-0.0181526	-0.6178988	0.0027328	0.0270671	-415.5103921	-0.0181526	0.0220006	0.0123060	0.0557933	0.0552342	0.1110275	0.0005591
1.4260048	-0.0239000	-0.7007567	0.0030353	-0.2533345	-415.5103921	-0.0239000	0.0218559	0.0125187	0.0558357	0.0552254	0.1110611	0.0006103
1.4510211	-0.0176528	-0.7747368	0.0028907	-0.2164036	-415.5103921	-0.0176528	0.0219743	0.0119651	0.0557218	0.0550930	0.1108148	0.0006287
1.4760374	-0.0197440	-0.8621716	0.0028118	0.1652162	-415.5103921	-0.0197440	0.0218296	0.0127032	0.0557349	0.0549887	0.1107236	0.0007462
1.5010537	-0.0152986	-0.9812237	0.0027855	0.1638484	-415.5103921	-0.0152986	0.0220532	0.0125949	0.0558912	0.0549808	0.1108720	0.0009105
1.5260700	-0.0188234	-1.0843488	0.0029170	-0.1835761	-415.5103921	-0.0188234	0.0218559	0.0131685	0.0560044	0.0550942	0.1110987	0.0009102
1.5510863	-0.0164297	-1.1763078	0.0028249	-0.1097142	-415.5103921	-0.0164297	0.0219480	0.0123742	0.0559155	0.0549452	0.1108607	0.0009703
1.5761026	-0.0201780	-1.2808006	0.0027460	0.0010787	-415.5103921	-0.0201780	0.0219743	0.0124264	0.0562875	0.0551852	0.1114727	0.0011022
1.6011189	-0.0154433	-1.4114529	0.0028381	0.2240322	-415.5103921	-0.0154433	0.0219217	0.0121576	0.0563443	0.0550983	0.1114426	0.0012460
1.6261351	-0.0231109	-1.5211802	0.0027197	0.0694693	-415.5103921	-0.0231109	0.0219743	0.0131244	0.0561708	0.0549580	0.1111288	0.0012128
1.6511514	-0.0210461	-1.5999214	0.0028907	-0.1343348	-415.5103921	-0.0210461	0.0218296	0.0123221	0.0561009	0.0548150	0.1109159	0.0012859
1.6761677	-0.0212302	-1.6896576	0.0027460	-0.1274958	-415.5103921	-0.0212302	0.0217902	0.0122659	0.0564802	0.0550803	0.1115604	0.0013999
1.7011840	-0.0168242	-1.7903626	0.0028775	0.0188602	-415.5103921	-0.0168242	0.0219348	0.0118688	0.0565567	0.0550949	0.1116516	0.0014618
1.7262003	-0.0225059	-1.8561359	0.0028512	-0.0768867	-415.5103921	-0.0225059	0.0219874	0.0135215	0.0564019	0.0549001	0.1113020	0.0015019
1.7512166	-0.0235581	-1.8982486	0.0027460	0.2322390	-415.5103921	-0.0235581	0.0219348	0.0127072	0.0564634	0.0548606	0.1113240	0.0016028
1.7762329	-0.0194152	-1.9192656	0.0027723	0.0530555	-415.5103921	-0.0194152	0.0218954	0.0130843	0.0564250	0.0547815	0.1112065	0.0016435
1.8012492	-0.0226111	-1.9182134	0.0029301	-0.1781048	-415.5103921	-0.0226111	0.0219217	0.0128676	0.0562451	0.0546520	0.1108972	0.0015931
1.8262655	-0.0230715	-1.8890028	0.0029301	0.0284349	-415.5103921	-0.0230715	0.0219348	0.0118889	0.0563681	0.0548062	0.1111743	0.0015619
1.8512817	-0.0180342	-1.8437598	0.0028644	0.0749405	-415.5103921	-0.0180342	0.0219611	0.0109582	0.0564545	0.0549666	0.1114211	0.0014879
1.8762980	-0.0231372	-1.7670967	0.0027197	0.2431815	-415.5103921	-0.0231372	0.0219611	0.0123381	0.0564531	0.0550577	0.1115108	0.0013953
1.9013143	-0.0189417	-1.6190444	0.0028907	-0.2478633	-415.5103921	-0.0189417	0.0218559	0.0131565	0.0562872	0.0550510	0.1113382	0.0012362
1.9263306	-0.0148777	-1.4539602	0.0028381	0.1378599	-415.5103921	-0.0148777	0.0219874	0.0127553	0.0561964	0.0550640	0.1112604	0.0011324
1.9513724	-0.0165086	-1.2806823	0.0028381	0.3019975	-415.5103921	-0.0165086	0.0220532	0.0129278	0.0559867	0.0550640	0.1110507	0.0009227
1.9763886	-0.0208751	-1.0605173	0.0027723	0.3279859	-415.5103921	-0.0208751	0.0218691	0.0137702	0.0559044	0.0552023	0.1111067	0.0007021
2.0014049	-0.0189812	-0.7666878	0.0027723	-0.1110820	-415.5103921	-0.0189812	0.0219348	0.0134292	0.0557517	0.0553275	0.1110792	0.0004241
2.0264212	-0.0165349	-0.4760673	0.0029827	-0.4229433	-415.5103921	-0.0165349	0.0217507	0.0126992	0.0558324	0.0555399	0.1113723	0.0002925
2.0514375	-0.0174819	-0.2125004	0.0028118	0.0065499	-415.5103921	-0.0174819	0.0219743	0.0132567	0.0557241	0.0556519	0.1113760	0.0000721
2.0764538	-0.0167848	0.0968095	0.0026276	0.2295034	-415.5103921	-0.0167848	0.0218822	0.0111909	0.0557191	0.0559277	0.1116468	-0.0002086
2.1014701	-0.0167453	0.4932123	0.0027460	0.3211469	-415.5103921	-0.0167453	0.0219743	0.0125628	0.0553432	0.0558904	0.1112336	-0.0005472
2.1264864	-0.0204279	0.8649422	0.0027723	-0.1288636	-415.5103921	-0.0204279	0.0218296	0.0111588	0.0554424	0.0561790	0.1116214	-0.0007366
2.1515027	-0.0139308	1.1659536	0.0029827	-0.0221742	-415.5103921	-0.0139308	0.0219874	0.0124304	0.0553952	0.0563342	0.1117294	-0.0009390
2.1765190	-0.0230978	1.4807354	0.0027855	0.1980437	-415.5103921	-0.0230978	0.0220006	0.0137020	0.0553697	0.0565642	0.1119340	-0.0011945
2.2015352	-0.0206909	1.8316856	0.0028512	0.0995612	-415.5103921	-0.0206909	0.0219480	0.0119370	0.0550358	0.0565795	0.1116153	-0.0015436
2.2265515	-0.0179816	2.1258585	0.0030485	-0.4133687	-415.5103921	-0.0179816	0.0218033	0.0126390	0.0549585	0.0566450	0.1116036	-0.0016865
2.2515678	-0.0200070	2.3542185	0.0029433	-0.1493808	-415.5103921	-0.0200070	0.0219217	0.0141152	0.0547990	0.0566502	0.1114492	-0.0018512
2.2765841	-0.0147725	2.5491985	0.0028775	0.2144575	-415.5103921	-0.0147725	0.0219743	0.0131444	0.0545150	0.0564729	0.1109879	-0.0019580
2.3016004	-0.0209803	2.7478875	0.0029301	0.0380096	-415.5103921	-0.0209803	0.0217770	0.0121657	0.0545140	0.0565980	0.1111121	-0.0020840
2.3266167	-0.0214538	2.8550378	0.0028775	-0.0249098	-415.5103921	-0.0214538	0.0219348	0.0114035	0.0544167	0.0565405	0.1109573	-0.0021238
2.3516330	-0.0200070	2.9390667	0.0029696	-0.2588058	-415.5103921	-0.0200070	0.0219217	0.0123702	0.0547518	0.0569213	0.1116731	-0.0021695
2.3766493	-0.0182710	2.9839286	0.0029696	-0.1274958	-415.5103921	-0.0182710	0.0218428	0.0134974	0.0547116	0.0568785	0.1115901	-0.0021669
2.4016656	-0.0199018	2.9706187	0.0029827	0.0298027	-415.5103921	-0.0199018	0.0219611	0.0125427	0.0547064	0.0568449	0.1115513	-0.0021385
2.4266818	-0.0209803	2.8950203	0.0028512	0.3293537	-415.5103921	-0.0209803	0.0220927	0.0114516	0.0545811	0.0567290	0.1113101	-0.0021479
2.4516981	-0.0202438	2.8179620	0.0029038	-0.0399557	-415.5103921	-0.0202438	0.0218559	0.0133249	0.0545990	0.0566534	0.1112523	-0.0020544
2.4767144	-0.0219930	2.7130475	0.0028907	-0.1083464	-415.5103921	-0.0219930	0.0217770	0.0115639	0.0546857	0.0566555	0.1113412	-0.0019699
2.5017307	-0.0199281	2.5397027	0.0028381	0.0366418	-415.5103921	-0.0199281	0.0218691	0.0128516	0.0546186	0.0564723	0.1110910	-0.0018537
2.5267470	-0.0225717	2.3870856	0.0030353	-0.2081967	-415.5103921	-0.0225717	0.0219611	0.0141072	0.0548041	0.0564999	0.1113039	-0.0016958
2.5517633	-0.0148514	2.2504747	0.0028644	0.2582275	-415.5103921	-0.0148514	0.0219743	0.0128315	0.0547809	0.0564369	0.1112178	-0.0016560
2.5768050	-0.0222429	2.0770379	0.0027591	0.3320894	-415.5103921	-0.0222429	0.0219085	0.0125868	0.0547100	0.0562411	0.1109511	-0.0015310
2.6018213	-0.0152855	1.9018389	0.0028512	-0.1480129	-415.5103921	-0.0152855	0.0218033	0.0118407	0.0548101	0.0561691	0.1109792	-0.0013591
2.6268376	-0.0134836	1.7362804	0.0028512	-0.2382886	-415.5103921	-0.0134836	0.0219480	0.0133330	0.0551051	0.0563180	0.1114232	-0.0012129
2.6518539	-0.0182052	1.6142290	0.0027723	0.2541240	-415.5103921	-0.0182052	0.0220532	0.0128636	0.0549516	0.0561194	0.1110710	-0.0011678
2.6768702	-0.0190864	1.4836157	0.0028249	0.3047331	-415.5103921	-0.0190864	0.0219348	0.0126751	0.0552027	0.0562415	0.1114442	-0.0010388
2.7018865	-0.0174687	1.3370621	0.0029038	0.1269174	-415.5103921	-0.0174687	0.0219480	0.0115920	0.0552300	0.0561638	0.1113938	-0.0009338
2.7269028	-0.0202569	1.2196272	0.0026934	0.0229637	-415.5103921	-0.0202569	0.0218296	0.0130923	0.0553265	0.0561426	0.1114691	-0.0008160
2.7519191	-0.0188365	1.1251427	0.0029433	-0.1425417	-415.5103921	-0.0188365	0.0218428	0.0129318	0.0553181	0.0560923	0.1114104	-0.0007742
2.7769353	-0.0170478	1.0207284	0.0029301	0.1597449	-415.5103921	-0.0170478	0.0220137	0.0127393	0.0554590	0.0561015	0.1115605	-0.0006425
2.8019516	-0.0194415	0.9178661	0.0029696	0.0174924	-415.5103921	-0.0194415	0.0219348	0.0131966	0.0553517	0.0560308	0.1113825	-0.0006792
2.8269679	-0.0190732	0.8356262	0.0030485	-0.0098639	-415.5103921	-0.0190732	0.0217770	0.0128757	0.0554681	0.0560641	0.1115322	-0.0005960
2.8519842	-0.0164823	0.7712206	0.0027986	0.1050324	-415.5103921	-0.0164823	0.0219348	0.0113193	0.0554933	0.0560088	0.1115021	-0.0005154
2.8770005	-0.0161140	0.7101950	0.0029038	-0.2054611	-415.5103921	-0.0161140	0.0219743	0.0126791	0.0553898	0.0558674	0.1112572	-0.0004776
2.9020168	-0.0185340	0.6406469	0.0028907	0.1118715	-415.5103921	-0.0185340	0.0218559	0.0136458	0.0555508	0.0559906	0.1115414	-0.0004397
2.9270331	-0.0164034	0.5916949	0.0027986	0.2295034	-415.5103921	-0.0164034	0.0219611	0.0131805	0.0554694	0.0558974	0.1113668	-0.0004280
2.9520494	-0.0200202	0.5491875	0.0029301	0.0817796	-415.5103921	-0.0200202	0.0218428	0.0128757	0.0553900	0.0557447	0.1111347	-0.0003546
2.9770657	-0.0115897	0.5149921	0.0029038	0.0393774	-415.5103921	-0.0115897	0.0219085	0.0139587	0.0556902	0.0559757	0.1116659	-0.0002854
3.0020819	-0.0159036	0.4821777	0.0027460	0.0639980	-415.5103921	-0.0159036	0.0219480	0.0130281	0.0555064	0.0559899	0.1114962	-0.0004835
3.0270982	-0.0138256	0.4506391	0.0027855	0.0804118	-415.5103921	-0.0138256	0.0219217	0.0132567	0.0554286	0.0557633	0.1111919	-0.0003347
3.0521145	-0.0150487	0.4285568	0.0027065	0.1351243	-415.5103921	-0.0150487	0.0220006	0.0127353	0.0556690	0.0559374	0.1116064	-0.0002684
3.0771308	-0.0175739	0.4126954	0.0029301	-0.2847942	-415.5103921	-0.0175739	0.0219217	0.0133651	0.0555486	0.0558337	0.1113823	-0.0002852
3.1021471	-0.0206120	0.3926648	0.0029038	-0.2218749	-415.5103921	-0.0206120	0.0218822	0.0125868	0.0556588	0.0558622	0.1115210	-0.0002034
3.1271634	-0.0200991	0.3754620	0.0026934	0.0380096	-415.5103921	-0.0200991	0.0219348	0.0130161	0.0556861	0.0559536	0.1116397	-0.0002675
3.1521797	-0.0178501	0.3594954	0.0028118	-0.1753692	-415.5103921	-0.0178501	0.0219085	0.0114958	0.0555474	0.0557816	0.1113290	-0.0002341
3.1771960	-0.0163113	0.3382943	0.0027591	-0.0878292	-415.5103921	-0.0163113	0.0218691	0.0132247	0.0556926	0.0559331	0.1116256	-0.0002405
3.2022377	-0.0192837	0.3127530	0.0029696	-0.2505989	-415.5103921	-0.0192837	0.0219348	0.0123742	0.0554854	0.0558132	0.1112985	-0.0003278
3.2272540	-0.0148514	0.2838842	0.0027460	0.1323887	-415.5103921	-0.0148514	0.0220269	0.0137742	0.0557472	0.0559221	0.1116692	-0.0001749
3.2522703	-0.0181526	0.2577905	0.0028775	0.1980437	-415.5103921	-0.0181526	0.0219217	0.0125628	0.0557294	0.0558459	0.1115753	-0.0001165
3.2772866	-0.0168506	0.2228718	0.0027723	0.0380096	-415.5103921	-0.0168506	0.0218691	0.0133691	0.0556112	0.0558137	0.1114249	-0.0002025
3.3023029	-0.0171794	0.1760505	0.0027328	-0.1110820	-415.5103921	-0.0171794	0.0218559	0.0116121	0.0557333	0.0558266	0.1115599	-0.0000933
3.3273192	-0.0197309	0.1331880	0.0028512	-0.1493808	-415.5103921	-0.0197309	0.0219480	0.0117204	0.0557154	0.0557518	0.1114672	-0.0000364
3.3523354	-0.0211776	0.0908121	0.0029038	-0.0618407	-415.5103921	-0.0211776	0.0219743	0.0122659	0.0558082	0.0558760	0.1116842	-0.0000678
3.3773517	-0.0183236	0.0416234	0.0029301	0.1159749	-415.5103921	-0.0183236	0.0219874	0.0121737	0.0556973	0.0557173	0.1114146	-0.0000200
3.4023680	-0.0182841	-0.0105639	0.0026013	0.0817796	-415.5103921	-0.0182841	0.0219217	0.0136539	0.0557336	0.0556342	0.1113678	0.0000994
3.4273843	-0.0207436	-0.0635009	0.0028381	0.0626302	-415.5103921	-0.0207436	0.0220137	0.0127674	0.0557506	0.0556666	0.1114172	0.0000839
3.4524006	-0.0217300	-0.1059557	0.0027855	0.0024465	-415.5103921	-0.0217300	0.0219348	0.0134573	0.0558598	0.0557201	0.1115799	0.0001397
3.4774169	-0.0205331	-0.1473320	0.0030090	-0.1425417	-415.5103921	-0.0205331	0.0219217	0.0129398	0.0558180	0.0556737	0.1114917	0.0001443
3.5024332	-0.0210461	-0.1942979	0.0028118	0.0270671	-415.5103921	-0.0210461	0.0218954	0.0129398	0.0557597	0.0555585	0.1113182	0.0002012
3.5274495	-0.0194547	-0.2341092	0.0029301	0.0681015	-415.5103921	-0.0194547	0.0218428	0.0130562	0.0558294	0.0556334	0.1114628	0.0001959
3.5524658	-0.0189154	-0.2584799	0.0027855	0.0927221	-415.5103921	-0.0189154	0.0218428	0.0133891	0.0557950	0.0555553	0.1113503	0.0002397
3.5774820	-0.0233740	-0.2869146	0.0029433	0.0366418	-415.5103921	-0.0233740	0.0218691	0.0113674	0.0557701	0.0555364	0.1113064	0.0002337
3.6024983	-0.0205068	-0.3178745	0.0028249	0.0133890	-415.5103921	-0.0205068	0.0219348	0.0129639	0.0559444	0.0555666	0.1115110	0.0003777
3.6275146	-0.0176660	-0.3425215	0.0028644	-0.2218748	-415.5103921	-0.0176660	0.0217770	0.0124866	0.0561463	0.0557733	0.1119196	0.0003729
3.6525309	-0.0147199	-0.3666949	0.0028644	-0.2464955	-415.5103921	-0.0147199	0.0218559	0.0126189	0.0560253	0.0556723	0.1116975	0.0003530
3.6775472	-0.0184946	-0.3889087	0.0030090	-0.1671623	-415.5103921	-0.0184946	0.0220137	0.0135937	0.0558982	0.0554522	0.1113505	0.0004460
3.7025635	-0.0204411	-0.4141869	0.0028249	0.1884690	-415.5103921	-0.0204411	0.0218691	0.0135335	0.0558538	0.0554630	0.1113167	0.0003908
3.7275798	-0.0204279	-0.4393468	0.0025619	0.0284349	-415.5103921	-0.0204279	0.0219217	0.0119049	0.0558597	0.0554532	0.1113129	0.0004065
3.7525961	-0.0185340	-0.4626916	0.0029170	-0.2341852	-415.5103921	-0.0185340	0.0219085	0.0134292	0.0560070	0.0556430	0.1116500	0.0003639
3.7776124	-0.0211118	-0.4936384	0.0030880	-0.2820586	-415.5103921	-0.0211118	0.0219743	0.0122499	0.0559188	0.0554612	0.1113800	0.0004576
3.8026286	-0.0182578	-0.5286228	0.0029827	-0.2847942	-415.5103921	-0.0182578	0.0218033	0.0124825	0.0558505	0.0554392	0.1112897	0.0004113
3.8276704	-0.0172583	-0.5638440	0.0027197	0.3881697	-415.5103921	-0.0172583	0.0220006	0.0133129	0.0559444	0.0554613	0.1114057	0.0004830
3.8526867	-0.0109584	-0.5989336	0.0027197	0.1433312	-415.5103921	-0.0109584	0.0219348	0.0127593	0.0559848	0.0555675	0.1115523	0.0004173
3.8777030	-0.0225322	-0.6335498	0.0027197	-0.1220245	-415.5103921	-0.0225322	0.0220269	0.0124665	0.0560363	0.0556064	0.1116427	0.0004299
3.9027193	-0.0207699	-0.6734662	0.0030353	-0.4229433	-415.5103921	-0.0207699	0.0220401	0.0126671	0.0560546	0.0554589	0.1115135	0.0005958
3.9277355	-0.0152986	-0.7103050	0.0029564	0.1720553	-415.5103921	-0.0152986	0.0220269	0.0123502	0.0560693	0.0555121	0.1115815	0.0005572
3.9527518	-0.0153118	-0.7355438	0.0027460	0.0995612	-415.5103921	-0.0153118	0.0218954	0.0128155	0.0561121	0.0555426	0.1116547	0.0005695
3.9777681	-0.0171004	-0.7591385	0.0026408	0.1077681	-415.5103921	-0.0171004	0.0218296	0.0122218	0.0558998	0.0553211	0.1112208	0.0005787
4.0027844	-0.0207830	-0.7775119	0.0028644	-0.2328174	-415.5103921	-0.0207830	0.0217902	0.0118608	0.0558759	0.0552063	0.1110822	0.0006695
4.0278007	-0.0208093	-0.7881651	0.0030880	-0.6281153	-415.5103921	-0.0208093	0.0217770	0.0130441	0.0559909	0.0553184	0.1113093	0.0006725
4.0528170	-0.0143385	-0.7896907	0.0029959	-0.0891970	-415.5103921	-0.0143385	0.0220137	0.0130883	0.0558847	0.0552029	0.1110876	0.0006818
4.0778333	-0.0171925	-0.7814312	0.0026276	0.3320894	-415.5103921	-0.0171925	0.0220006	0.0117886	0.0559863	0.0553559	0.1113422	0.0006304
4.1028496	-0.0217037	-0.7590202	0.0027723	0.3416641	-415.5103921	-0.0217037	0.0218559	0.0122459	0.0559815	0.0553823	0.1113638	0.0005992
4.1278659	-0.0207173	-0.7284943	0.0027855	-0.0796223	-415.5103921	-0.0207173	0.0218296	0.0122659	0.0559324	0.0554044	0.1113368	0.0005280
4.1528821	-0.0182710	-0.6928786	0.0031274	-0.6500003	-415.5103921	-0.0182710	0.0216323	0.0126109	0.0558672	0.0552785	0.1111457	0.0005887
4.1778984	-0.0145226	-0.6471358	0.0028249	-0.2246105	-415.5103921	-0.0145226	0.0218691	0.0127313	0.0557729	0.0552558	0.1110287	0.0005172
4.2029147	-0.0204411	-0.5909240	0.0029564	0.0065499	-415.5103921	-0.0204411	0.0220664	0.0129880	0.0561500	0.0556195	0.1117695	0.0005306
4.2279310	-0.0211776	-0.5306482	0.0026539	0.5167441	-415.5103921	-0.0211776	0.0220137	0.0117605	0.0560566	0.0555855	0.1116421	0.0004711
4.2529473	-0.0158510	-0.4770142	0.0026802	0.2883194	-415.5103921	-0.0158510	0.0220664	0.0124946	0.0559803	0.0555944	0.1115747	0.0003858
4.2779636	-0.0170215	-0.4154364	0.0028249	-0.2615414	-415.5103921	-0.0170215	0.0218559	0.0127834	0.0559463	0.0555895	0.1115359	0.0003568
4.3029799	-0.0169558	-0.3467170	0.0028512	-0.0700476	-415.5103921	-0.0169558	0.0218559	0.0135857	0.0559763	0.0557013	0.1116776	0.0002750
4.3279962	-0.0162587	-0.2860071	0.0029038	0.0202280	-415.5103921	-0.0162587	0.0218691	0.0125227	0.0556723	0.0554672	0.1111395	0.0002050
4.3530125	-0.0169689	-0.2387124	0.0028381	0.0010786	-415.5103921	-0.0169689	0.0220401	0.0119129	0.0558718	0.0556522	0.1115240	0.0002195
4.3780287	-0.0200991	-0.1910231	0.0028512	-0.0508982	-415.5103921	-0.0200991	0.0219611	0.0134533	0.0557943	0.0556130	0.1114073	0.0001813
4.4030450	-0.0152723	-0.1461220	0.0027328	0.2732734	-415.5103921	-0.0152723	0.0219217	0.0131605	0.0556032	0.0555120	0.1111152	0.0000913
4.4280613	-0.0191653	-0.1100065	0.0027065	-0.0057604	-415.5103921	-0.0191653	0.0218033	0.0119049	0.0557529	0.0556651	0.1114181	0.0000878
4.4531031	-0.0172846	-0.0878716	0.0026802	0.0626302	-415.5103921	-0.0172846	0.0218954	0.0140309	0.0558441	0.0557262	0.1115703	0.0001179
4.4781194	-0.0205200	-0.0698007	0.0028644	-0.1439095	-415.5103921	-0.0205200	0.0218559	0.0133610	0.0559347	0.0558613	0.1117960	0.0000734
4.5031356	-0.0226111	-0.0546101	0.0029170	-0.2382886	-415.5103921	-0.0226111	0.0218691	0.0125106	0.0558287	0.0557674	0.1115960	0.0000613
4.5281519	-0.0182052	-0.0486654	0.0026539	0.1747909	-415.5103921	-0.0182052	0.0218559	0.0143799	0.0556776	0.0556511	0.1113287	0.0000265
4.5531682	-0.0214932	-0.0467320	0.0027591	0.2636987	-415.5103921	-0.0214932	0.0220006	0.0114396	0.0557667	0.0557354	0.1115021	0.0000313
4.5781845	-0.0211381	-0.0487048	0.0028381	-0.3080471	-415.5103921	-0.0211381	0.0218954	0.0120333	0.0556059	0.0555410	0.1111469	0.0000650
4.6032008	-0.0225585	-0.0527556	0.0030353	-0.5528856	-415.5103921	-0.0225585	0.0218559	0.0119009	0.0558371	0.0557814	0.1116185	0.0000556
4.6282171	-0.0160877	-0.0574246	0.0029959	-0.3107827	-415.5103921	-0.0160877	0.0218033	0.0127032	0.0559689	0.0558685	0.1118375	0.0001004
4.6532334	-0.0155748	-0.0634483	0.0027591	0.0639980	-415.5103921	-0.0155748	0.0219874	0.0118447	0.0557390	0.0556903	0.1114293	0.0000487
4.6782497	-0.0161403	-0.0696560	0.0028644	0.2377103	-415.5103921	-0.0161403	0.0219348	0.0132608	0.0558182	0.0557199	0.1115381	0.0000983
4.7032660	-0.0136941	-0.0783232	0.0028381	0.0024465	-415.5103921	-0.0136941	0.0218165	0.0134814	0.0559687	0.0558988	0.1118675	0.0000699
4.7282822	-0.0188891	-0.0851623	0.0028644	-0.1001395	-415.5103921	-0.0188891	0.0217902	0.0130722	0.0561287	0.0560760	0.1122047	0.0000527
4.7532985	-0.0218483	-0.0907782	0.0031011	-0.3778055	-415.5103921	-0.0218483	0.0217507	0.0121536	0.0560630	0.0560938	0.1121568	-0.0000309
4.7783148	-0.0165612	-0.0966046	0.0027855	0.0174924	-415.5103921	-0.0165612	0.0219348	0.0113152	0.0558770	0.0557561	0.1116331	0.0001210
4.8033311	-0.0170215	-0.1046142	0.0029564	-0.0659442	-415.5103921	-0.0170215	0.0219874	0.0124825	0.0558081	0.0557417	0.1115499	0.0000664
4.8283474	-0.0182315	-0.1122423	0.0028249	0.3485031	-415.5103921	-0.0182315	0.0219743	0.0136940	0.0557330	0.0556420	0.1113750	0.0000910
4.8533637	-0.0168900	-0.1192129	0.0027855	0.1556415	-415.5103921	-0.0168900	0.0219217	0.0127393	0.0559479	0.0558257	0.1117736	0.0001222
4.8783800	-0.0183367	-0.1279722	0.0027197	0.1296531	-415.5103921	-0.0183367	0.0218296	0.0132928	0.0558912	0.0557068	0.1115979	0.0001844
4.9033963	-0.0142596	-0.1374548	0.0027723	-0.0030248	-415.5103921	-0.0142596	0.0210010	0.0123582	0.0559107	0.0557407	0.1116514	0.0001700
4.9284126	-0.0210066	-0.1466612	0.0030222	-0.2287139	-415.5103921	-0.0210066	0.0219085	0.0125507	0.0560067	0.0557410	0.1117477	0.0002656
4.9534288	-0.0184683	-0.1536581	0.0029696	-0.0905648	-415.5103921	-0.0184683	0.0219217	0.0120132	0.0559821	0.0557466	0.1117287	0.0002355
4.9784451	-0.0194678	-0.1598659	0.0027723	0.2349747	-415.5103921	-0.0194678	0.0218822	0.0129398	0.0559681	0.0558396	0.1118077	0.0001285
5.0034614	-0.0187181	-0.1650873	0.0026408	0.1036646	-415.5103921	-0.0187181	0.0218822	0.0119892	0.0559052	0.0557471	0.1116523	0.0001582
5.0284777	-0.0221903	-0.1664551	0.0026671	-0.0933004	-415.5103921	-0.0221903	0.0218165	0.0132407	0.0559027	0.0556723	0.1115750	0.0002304
5.0534940	-0.0171136	-0.1657580	0.0029301	-0.2492311	-415.5103921	-0.0171136	0.0217902	0.0130883	0.0560974	0.0559010	0.1119984	0.0001964
5.0785357	-0.0201123	-0.1612074	0.0030485	-0.2451277	-415.5103921	-0.0201123	0.0218559	0.0125909	0.0560263	0.0558965	0.1119228	0.0001298
5.1035520	-0.0207567	-0.1517642	0.0027723	0.2240321	-415.5103921	-0.0207567	0.0219611	0.0125868	0.0559896	0.0558614	0.1118510	0.0001282
5.1285683	-0.0203621	-0.1375074	0.0027723	0.2787447	-415.5103921	-0.0203621	0.0219874	0.0109823	0.0558820	0.0557210	0.1116030	0.0001611
5.1535846	-0.0145358	-0.1227771	0.0028381	-0.0194385	-415.5103921	-0.0145358	0.0218691	0.0121576	0.0558420	0.0557540	0.1115960	0.0000880
5.1786009	-0.0176660	-0.1028123	0.0029696	-0.0987717	-415.5103921	-0.0176660	0.0219085	0.0126631	0.0558092	0.0557168	0.1115260	0.0000924
5.2036172	-0.0178896	-0.0764425	0.0027855	-0.2191392	-415.5103921	-0.0178896	0.0218822	0.0119932	0.0557928	0.0557371	0.1115298	0.0000557
5.2286335	-0.0193231	-0.0496123	0.0029301	-0.0604729	-415.5103921	-0.0193231	0.0217770	0.0123502	0.0558347	0.0558171	0.1116518	0.0000176
5.2536498	-0.0167322	-0.0245182	0.0027986	0.3033653	-415.5103921	-0.0167322	0.0220006	0.0131725	0.0556917	0.0556256	0.1113173	0.0000660
5.2786661	-0.0163902	0.0048898	0.0029301	0.2076184	-415.5103921	-0.0163902	0.0218691	0.0135576	0.0557455	0.0557080	0.1114534	0.0000375
5.3036823	-0.0216774	0.0380329	0.0029170	-0.0153351	-415.5103921	-0.0216774	0.0218691	0.0132728	0.0556927	0.0556786	0.1113713	0.0000141
5.3286986	-0.0199150	0.0661257	0.0030090	-0.3887480	-415.5103921	-0.0199150	0.0217639	0.0125387	0.0557507	0.0558033	0.1115540	-0.0000525
5.3537149	-0.0158905	0.0897073	0.0028512	-0.2861621	-415.5103921	-0.0158905	0.0218822	0.0133009	0.0556930	0.0557673	0.1114602	-0.0000743
5.3787312	-0.0206778	0.1123946	0.0027986	0.0051821	-415.5103921	-0.0206778	0.0220401	0.0123742	0.0557866	0.0559064	0.1116931	-0.0001198
5.4037475	-0.0204016	0.1325304	0.0027197	0.6056519	-415.5103921	-0.0204016	0.0219085	0.0119932	0.0557604	0.0558979	0.1116584	-0.0001375
5.4287638	-0.0177580	0.1478920	0.0028775	0.2281356	-415.5103921	-0.0177580	0.0219217	0.0132608	0.0558050	0.0558941	0.1116990	-0.0000891
5.4537801	-0.0181395	0.1559674	0.0030616	-0.3230930	-415.5103921	-0.0181395	0.0218296	0.0122860	0.0557440	0.0559083	0.1116522	-0.0001643
5.4787964	-0.0195336	0.1588608	0.0029959	-0.3887480	-415.5103921	-0.0195336	0.0192124	0.0133570	0.0557202	0.0557976	0.1115178	-0.0000775
5.5038127	-0.0208356	0.1553229	0.0029696	-0.1685302	-415.5103921	-0.0208356	0.0218296	0.0121135	0.0556352	0.0557938	0.1114290	-0.0001587
5.5288289	-0.0182973	0.1456430	0.0028249	0.5263188	-415.5103921	-0.0182973	0.0217507	0.0133771	0.0556216	0.0558213	0.1114429	-0.0001997
5.5538452	-0.0184288	0.1316098	0.0026671	0.3826984	-415.5103921	-0.0184288	0.0218954	0.0130602	0.0557071	0.0557548	0.1114619	-0.0000477
5.5788615	-0.0150882	0.1111189	0.0029564	-0.1028751	-415.5103921	-0.0150882	0.0218954	0.0133129	0.0558725	0.0559385	0.1118110	-0.0000661
5.6038778	-0.0182052	0.0819345	0.0029433	-0.3449780	-415.5103921	-0.0182052	0.0219085	0.0129318	0.0557882	0.0558521	0.1116403	-0.0000639
5.6288941	-0.0207699	0.0482126	0.0029433	-0.1548520	-415.5103921	-0.0207699	0.0220401	0.0122298	0.0558501	0.0558565	0.1117067	-0.0000064
5.6539104	-0.0167322	0.0199620	0.0028907	0.1323887	-415.5103921	-0.0167322	0.0219611	0.0129078	0.0556904	0.0556671	0.1113575	0.0000234
5.6789267	-0.0172977	-0.0159825	0.0027855	0.2719056	-415.5103921	-0.0172977	0.0220137	0.0121095	0.0558750	0.0558146	0.1116896	0.0000603
5.7039684	-0.0199676	-0.0576877	0.0028644	0.0366418	-415.5103921	-0.0199676	0.0219348	0.0128596	0.0558202	0.0557946	0.1116149	0.0000256
5.7289847	-0.0197177	-0.0942372	0.0027328	-0.1603233	-415.5103921	-0.0197177	0.0219217	0.0122459	0.0555806	0.0555512	0.1111318	0.0000294
5.7540010	-0.0171662	-0.1220143	0.0027591	-0.1452773	-415.5103921	-0.0171662	0.0218691	0.0133049	0.0556584	0.0556010	0.1112594	0.0000574
5.7790173	-0.0159825	-0.1494100	0.0029038	0.0886187	-415.5103921	-0.0159825	0.0216718	0.0128356	0.0557332	0.0556087	0.1113418	0.0001245
5.8040336	-0.0210461	-0.1739912	0.0028118	-0.0741511	-415.5103921	-0.0210461	0.0217902	0.0120253	0.0556755	0.0555013	0.1111768	0.0001742
5.8290499	-0.0171794	-0.1896158	0.0028118	0.1693196	-415.5103921	-0.0171794	0.0218822	0.0129840	0.0556816	0.0555673	0.1112490	0.0001143
5.8540662	-0.0172057	-0.1985329	0.0027591	-0.0385879	-415.5103921	-0.0172057	0.0218954	0.0126470	0.0557802	0.0555637	0.1113438	0.0002165
5.8790824	-0.0187839	-0.1986513	0.0028512	-0.2177714	-415.5103921	-0.0187839	0.0219348	0.0120694	0.0556841	0.0555078	0.1111919	0.0001762
5.9040987	-0.0171662	-0.1915229	0.0029301	-0.1165533	-415.5103921	-0.0171662	0.0219348	0.0126952	0.0556363	0.0554415	0.1110777	0.0001948
5.9291150	-0.0194810	-0.1791862	0.0029696	0.2130896	-415.5103921	-0.0194810	0.0219743	0.0130000	0.0557096	0.0554867	0.1111962	0.0002229
5.9541313	-0.0160088	-0.1629961	0.0027986	0.0024465	-415.5103921	-0.0160088	0.0219348	0.0126270	0.0556463	0.0554391	0.1110854	0.0002072
5.9791476	-0.0161009	-0.1398879	0.0027197	0.1173427	-415.5103921	-0.0161009	0.0219217	0.0135736	0.0557704	0.0556473	0.1114177	0.0001231
6.0041639	-0.0173109	-0.1091516	0.0028249	-0.0714154	-415.5103921	-0.0173109	0.0219348	0.0129840	0.0556579	0.0555576	0.1112155	0.0001003
6.0291802	-0.0180605	-0.0771001	0.0028249	-0.0440592	-415.5103921	-0.0180605	0.0219217	0.0136418	0.0557560	0.0556256	0.1113816	0.0001304
6.0541965	-0.0208882	-0.0516377	0.0028118	-0.1685301	-415.5103921	-0.0208882	0.0219348	0.0126029	0.0556427	0.0555608	0.1112034	0.0000819
6.0792128	-0.0167059	-0.0253073	0.0028118	-0.0002892	-415.5103921	-0.0167059	0.0218165	0.0129920	0.0557171	0.0556261	0.1113432	0.0000909
6.1042290	-0.0196651	0.0039034	0.0030090	-0.0837258	-415.5103921	-0.0196651	0.0218559	0.0120814	0.0556265	0.0556040	0.1112305	0.0000224
6.1292453	-0.0232556	0.0246442	0.0028644	-0.2246105	-415.5103921	-0.0232556	0.0218954	0.0125868	0.0556321	0.0556455	0.1112776	-0.0000134
6.1542616	-0.0197440	0.0372438	0.0029170	0.0229637	-415.5103921	-0.0197440	0.0220927	0.0130201	0.0556703	0.0556672	0.1113375	0.0000031
6.1792779	-0.0163508	0.0448325	0.0028775	0.0051821	-415.5103921	-0.0163508	0.0219480	0.0127874	0.0556126	0.0556352	0.1112478	-0.0000225
6.2042942	-0.0186655	0.0461741	0.0026671	0.5099050	-415.5103921	-0.0186655	0.0220006	0.0118969	0.0557514	0.0557421	0.1114936	0.0000093
6.2293105	-0.0199676	0.0410185	0.0026671	0.3293537	-415.5103921	-0.0199676	0.0219743	0.0131484	0.0556547	0.0556786	0.1113333	-0.0000239
6.2543268	-0.0185209	0.0316016	0.0028512	-0.3176218	-415.5103921	-0.0185209	0.0218954	0.0119691	0.0556101	0.0556815	0.1112916	-0.0000713
