0.0000000	-0.0257545	-0.0081965	0.0031800	0.0571590	-415.5103921	-0.0257545	0.0219217	0.0119811	0.0565966	0.0565630	0.1131596	0.0000337
0.0500326	-0.0160877	-0.0093802	0.0031143	-0.6199084	-415.5103921	-0.0160877	0.0217902	0.0129439	0.0563850	0.0562967	0.1126817	0.0000884
0.1000652	-0.0222034	-0.0110900	0.0033115	0.4538247	-415.5103921	-0.0222034	0.0223162	0.0108981	0.0562787	0.0561416	0.1124203	0.0001371
0.1500977	-0.0229926	-0.0143780	0.0030485	-0.2232427	-415.5103921	-0.0229926	0.0216586	0.0101560	0.0565927	0.0566256	0.1132183	-0.0000329
0.2001303	-0.0243735	-0.0199018	0.0032458	-0.2711161	-415.5103921	-0.0243735	0.0218559	0.0083508	0.0567109	0.0567851	0.1134960	-0.0000742
0.2501629	-0.0185866	-0.0270039	0.0031800	0.8094561	-415.5103921	-0.0185866	0.0219217	0.0089325	0.0570112	0.0570211	0.1140323	-0.0000099
0.3001955	-0.0249654	-0.0345664	0.0033115	-0.3942193	-415.5103921	-0.0249654	0.0219874	0.0114195	0.0567434	0.0566982	0.1134416	0.0000452
0.3502280	-0.0193757	-0.0457456	0.0029170	0.9530764	-415.5103921	-0.0193757	0.0221847	0.0114396	0.0567011	0.0566250	0.1133262	0.0000761
0.4002606	-0.0224665	-0.0621857	0.0031143	-0.7772069	-415.5103921	-0.0224665	0.0215929	0.0108178	0.0566545	0.0565697	0.1132242	0.0000847
0.4503187	-0.0270039	-0.0842811	0.0030485	0.6384795	-415.5103921	-0.0270039	0.0221190	0.0119009	0.0567186	0.0566373	0.1133559	0.0000814
0.5003512	-0.0130628	-0.1141362	0.0032458	-0.7977241	-415.5103921	-0.0130628	0.0215929	0.0117806	0.0565952	0.0565017	0.1130969	0.0000935
0.5503838	-0.0214801	-0.1551049	0.0029170	-0.0454270	-415.5103921	-0.0214801	0.0221847	0.0083107	0.0569341	0.0566783	0.1136124	0.0002558
0.6004164	-0.0125367	-0.2098831	0.0027855	0.0503199	-415.5103921	-0.0125367	0.0217244	0.0104367	0.0567430	0.0565419	0.1132850	0.0002011
0.6504490	-0.0139834	-0.2738678	0.0029827	-0.4557709	-415.5103921	-0.0139834	0.0216586	0.0107175	0.0568900	0.0567037	0.1135937	0.0001863
0.7004815	-0.0110900	-0.3625126	0.0025224	0.5495716	-415.5103921	-0.0110900	0.0217902	0.0090729	0.0568293	0.0565263	0.1133556	0.0003029
0.7505141	-0.0120106	-0.4628626	0.0033115	-0.5173224	-415.5103921	-0.0120106	0.0219874	0.0104167	0.0568326	0.0564816	0.1133142	0.0003510
0.8005467	-0.0262148	-0.5989204	0.0032458	0.1802621	-415.5103921	-0.0262148	0.0220532	0.0124825	0.0567041	0.0561056	0.1128096	0.0005985
0.8505793	-0.0119448	-0.7321506	0.0029827	-0.4352537	-415.5103921	-0.0119448	0.0217902	0.0114195	0.0568528	0.0561479	0.1130006	0.0007049
0.9006119	-0.0237817	-0.9126622	0.0027197	0.8436514	-415.5103921	-0.0237817	0.0221847	0.0118006	0.0570950	0.0565519	0.1136469	0.0005431
0.9506444	-0.0227953	-1.0651600	0.0033115	-0.0659442	-415.5103921	-0.0227953	0.0217244	0.0122218	0.0564797	0.0554596	0.1119392	0.0010201
1.0006770	-0.0289767	-1.2328484	0.0034431	-0.9071491	-415.5103921	-0.0289767	0.0219217	0.0134453	0.0569089	0.0556481	0.1125569	0.0012608
1.0507096	-0.0157589	-1.3805456	0.0028512	0.5700888	-415.5103921	-0.0157589	0.0218559	0.0122820	0.0572348	0.0560323	0.1132671	0.0012025
1.1007676	-0.0110900	-1.4862879	0.0028512	-0.3942193	-415.5103921	-0.0110900	0.0218559	0.0093136	0.0573166	0.0561341	0.1134506	0.0011825
1.1508002	-0.0112215	-1.5351476	0.0033115	0.2896872	-415.5103921	-0.0112215	0.0220532	0.0116803	0.0574529	0.0560536	0.1135065	0.0013993
1.2008328	-0.0075389	-1.4872085	0.0029170	-0.3600239	-415.5103921	-0.0075389	0.0218559	0.0100557	0.0572733	0.0560502	0.1133235	0.0012232
1.2508654	-0.0285822	-1.3773891	0.0031800	-0.0112317	-415.5103921	-0.0285822	0.0221847	0.0118808	0.0568225	0.0557330	0.1125555	0.0010895
1.3008979	-0.0268067	-1.1454531	0.0025224	0.3238825	-415.5103921	-0.0268067	0.0217902	0.0105370	0.0566726	0.0558486	0.1125211	0.0008240
1.3509305	-0.0214801	-0.8276343	0.0032458	0.0229637	-415.5103921	-0.0214801	0.0220532	0.0121817	0.0570668	0.0563055	0.1133723	0.0007613
1.4009631	-0.0096432	-0.3909867	0.0027197	0.8846858	-415.5103921	-0.0096432	0.0225135	0.0111989	0.0567256	0.0566678	0.1133934	0.0000578
1.4509957	-0.0143122	0.0747929	0.0030485	0.5700888	-415.5103921	-0.0143122	0.0219874	0.0084311	0.0567874	0.0567578	0.1135452	0.0000295
1.5010282	-0.0174029	0.6094897	0.0032458	-0.2711161	-415.5103921	-0.0174029	0.0218559	0.0094941	0.0562759	0.0568628	0.1131387	-0.0005869
1.5510608	-0.0237817	1.1291935	0.0027197	-0.1753692	-415.5103921	-0.0237817	0.0217902	0.0108579	0.0563228	0.0572841	0.1136069	-0.0009612
1.6010934	-0.0060922	1.5941195	0.0037719	-0.4626099	-415.5103921	-0.0060922	0.0222505	0.0111588	0.0555911	0.0569028	0.1124939	-0.0013117
1.6511260	-0.0260833	1.9064816	0.0031143	0.3580778	-415.5103921	-0.0260833	0.0216586	0.0113594	0.0554858	0.0569319	0.1124177	-0.0014462
1.7011840	-0.0166138	2.1373009	0.0031143	-0.4284146	-415.5103921	-0.0166138	0.0218559	0.0094138	0.0553569	0.0569532	0.1123101	-0.0015964
1.7512166	-0.0109584	2.2225265	0.0035088	0.3102044	-415.5103921	-0.0109584	0.0221847	0.0125026	0.0554582	0.0571213	0.1125795	-0.0016631
1.8012492	-0.0188497	2.2140434	0.0034431	-0.4694490	-415.5103921	-0.0188497	0.0215929	0.0082505	0.0554931	0.0570508	0.1125439	-0.0015576
1.8512817	-0.0182578	2.0931098	0.0032458	-0.3326677	-415.5103921	-0.0182578	0.0222505	0.0089325	0.0552655	0.0566149	0.1118804	-0.0013494
1.9013143	-0.0076704	1.9244999	0.0029827	0.0161246	-415.5103921	-0.0076704	0.0219874	0.0094740	0.0561070	0.0574372	0.1135442	-0.0013303
1.9513469	-0.0282534	1.7332028	0.0030485	-0.7361725	-415.5103921	-0.0282534	0.0219874	0.0109582	0.0551424	0.0562921	0.1114346	-0.0011497
2.0013795	-0.0176002	1.4988326	0.0033773	0.5564107	-415.5103921	-0.0176002	0.0219874	0.0138665	0.0556330	0.0566925	0.1123255	-0.0010595
2.0514121	-0.0164165	1.3127307	0.0033773	-0.2779552	-415.5103921	-0.0164165	0.0217244	0.0120614	0.0560480	0.0570119	0.1130599	-0.0009639
2.1014446	-0.0224665	1.1299169	0.0032458	-0.4968052	-415.5103921	-0.0224665	0.0215929	0.0106373	0.0558739	0.0566626	0.1125365	-0.0007888
2.1514772	-0.0254914	0.9749198	0.0027855	-0.0454270	-415.5103921	-0.0254914	0.0217902	0.0127032	0.0562232	0.0567370	0.1129602	-0.0005139
2.2015098	-0.0197703	0.8403084	0.0035088	-1.3585273	-415.5103921	-0.0197703	0.0216586	0.0091331	0.0562890	0.0567364	0.1130255	-0.0004474
2.2515424	-0.0136546	0.7250305	0.0027197	0.8710077	-415.5103921	-0.0136546	0.0224478	0.0131645	0.0565662	0.0569796	0.1135458	-0.0004133
2.3015750	-0.0231241	0.6274422	0.0029827	-0.1411739	-415.5103921	-0.0231241	0.0217244	0.0109783	0.0562067	0.0565866	0.1127933	-0.0003799
2.3516330	-0.0185209	0.5384685	0.0036403	-0.6472646	-415.5103921	-0.0185209	0.0217902	0.0137662	0.0560917	0.0565099	0.1126016	-0.0004182
2.4016656	-0.0149698	0.4776403	0.0026539	0.6179623	-415.5103921	-0.0149698	0.0219874	0.0129439	0.0563890	0.0566922	0.1130812	-0.0003032
2.4516981	-0.0139176	0.4237826	0.0033773	-0.5857131	-415.5103921	-0.0139176	0.0217902	0.0105771	0.0564452	0.0566795	0.1131247	-0.0002343
2.5017307	-0.0212828	0.3736075	0.0031800	0.0571590	-415.5103921	-0.0212828	0.0219217	0.0132848	0.0563085	0.0566093	0.1129178	-0.0003009
2.5517633	-0.0202964	0.3197499	0.0028512	0.2828481	-415.5103921	-0.0202964	0.0219874	0.0101961	0.0567111	0.0568333	0.1135444	-0.0001222
2.6017959	-0.0256230	0.2581983	0.0032458	-0.1274958	-415.5103921	-0.0256230	0.0219874	0.0120614	0.0564934	0.0566370	0.1131304	-0.0001436
2.6518284	-0.0247023	0.1853359	0.0027855	0.7684217	-415.5103921	-0.0247023	0.0217902	0.0124224	0.0563611	0.0562953	0.1126564	0.0000658
2.7018610	-0.0293055	0.1073442	0.0029170	-0.0180707	-415.5103921	-0.0293055	0.0219874	0.0109382	0.0562767	0.0563256	0.1126023	-0.0000488
2.7518936	-0.0074074	0.0284977	0.0036403	-0.2847942	-415.5103921	-0.0074074	0.0221190	0.0108178	0.0562004	0.0561599	0.1123603	0.0000405
2.8019262	-0.0139834	-0.0563330	0.0026539	0.6521576	-415.5103921	-0.0139834	0.0222505	0.0119009	0.0563747	0.0562932	0.1126679	0.0000815
2.8519588	-0.0291740	-0.1249209	0.0035088	-1.0028960	-415.5103921	-0.0291740	0.0216586	0.0101760	0.0564124	0.0561225	0.1125349	0.0002899
2.9019913	-0.0254257	-0.1873931	0.0035746	-0.0591051	-415.5103921	-0.0254257	0.0218559	0.0101560	0.0565321	0.0565292	0.1130614	0.0000029
2.9520494	-0.0235844	-0.2341486	0.0028512	0.0298027	-415.5103921	-0.0235844	0.0215271	0.0118207	0.0564471	0.0561057	0.1125528	0.0003413
3.0020819	-0.0250311	-0.2626886	0.0037061	-0.4489318	-415.5103921	-0.0250311	0.0219874	0.0104367	0.0561971	0.0559665	0.1121635	0.0002306
3.0521145	-0.0197045	-0.3051697	0.0031143	0.3717559	-415.5103921	-0.0197045	0.0221190	0.0103565	0.0566275	0.0562924	0.1129199	0.0003351
3.1021471	-0.0250311	-0.3541610	0.0027197	0.3580778	-415.5103921	-0.0250311	0.0214614	0.0113995	0.0568554	0.0564181	0.1132735	0.0004373
3.1521797	-0.0227295	-0.4026263	0.0033115	0.1871012	-415.5103921	-0.0227295	0.0219217	0.0097348	0.0575590	0.0571577	0.1147168	0.0004013
3.2022123	-0.0199676	-0.4628626	0.0027855	1.0009499	-415.5103921	-0.0199676	0.0221190	0.0119009	0.0564608	0.0561026	0.1125633	0.0003582
3.2522448	-0.0172714	-0.5133664	0.0029827	0.0571590	-415.5103921	-0.0172714	0.0219874	0.0121817	0.0561829	0.0557563	0.1119392	0.0004266
3.3022774	-0.0194415	-0.5646594	0.0031800	-0.7156553	-415.5103921	-0.0194415	0.0216586	0.0099153	0.0565530	0.0559406	0.1124936	0.0006124
3.3523100	-0.0192442	-0.6143741	0.0029170	1.4318109	-415.5103921	-0.0192442	0.0221847	0.0120814	0.0567902	0.0561110	0.1129012	0.0006793
3.4023426	-0.0275958	-0.6257506	0.0029170	0.9530764	-415.5103921	-0.0275958	0.0221847	0.0114797	0.0568918	0.0560516	0.1129434	0.0008402
3.4523752	-0.0260833	-0.6250272	0.0031800	-0.1616911	-415.5103921	-0.0260833	0.0218559	0.0113794	0.0568236	0.0563555	0.1131791	0.0004681
3.5024077	-0.0208225	-0.5818228	0.0029170	0.0571590	-415.5103921	-0.0208225	0.0219874	0.0105771	0.0567527	0.0561182	0.1128710	0.0006345
3.5524403	-0.0151671	-0.5156680	0.0029170	0.0366418	-415.5103921	-0.0151671	0.0215929	0.0115198	0.0566393	0.0560540	0.1126933	0.0005853
3.6024983	-0.0212170	-0.4341912	0.0035746	-0.0659442	-415.5103921	-0.0212170	0.0217902	0.0114998	0.0567077	0.0562612	0.1129689	0.0004464
3.6525309	-0.0154301	-0.3432448	0.0033115	0.4811810	-415.5103921	-0.0154301	0.0218559	0.0126631	0.0561913	0.0557846	0.1119759	0.0004068
3.7025635	-0.0138519	-0.2600582	0.0032458	-0.5241615	-415.5103921	-0.0138519	0.0217244	0.0113995	0.0561698	0.0555959	0.1117658	0.0005739
3.7525961	-0.0239790	-0.1912730	0.0033773	-0.3873802	-415.5103921	-0.0239790	0.0219874	0.0100757	0.0563039	0.0561560	0.1124599	0.0001478
3.8026286	-0.0250969	-0.1389936	0.0031143	0.6384795	-415.5103921	-0.0250969	0.0221847	0.0099754	0.0564366	0.0561858	0.1126224	0.0002508
3.8526612	-0.0141807	-0.1085466	0.0030485	0.0366418	-415.5103921	-0.0141807	0.0217902	0.0107175	0.0562287	0.0560106	0.1122393	0.0002182
3.9026938	-0.0094460	-0.0931587	0.0028512	0.2076184	-415.5103921	-0.0094460	0.0220532	0.0100356	0.0563245	0.0561878	0.1125123	0.0001367
3.9527264	-0.0131285	-0.0897392	0.0029827	0.8641686	-415.5103921	-0.0131285	0.0221190	0.0135857	0.0561214	0.0560303	0.1121516	0.0000911
4.0027590	-0.0131285	-0.0930930	0.0027197	-0.0659442	-415.5103921	-0.0131285	0.0215929	0.0134052	0.0566135	0.0563825	0.1129960	0.0002311
4.0527915	-0.0110900	-0.0976962	0.0035746	-0.5036443	-415.5103921	-0.0110900	0.0216586	0.0113794	0.0567629	0.0567165	0.1134794	0.0000465
4.1028241	-0.0105639	-0.1078233	0.0035088	0.7137092	-415.5103921	-0.0105639	0.0223162	0.0107376	0.0569246	0.0568049	0.1137295	0.0001197
4.1528567	-0.0165481	-0.1153199	0.0029170	-0.9550225	-415.5103921	-0.0165481	0.0215271	0.0105972	0.0564936	0.0563951	0.1128888	0.0000985
4.2029147	-0.0285822	-0.1250524	0.0035746	-0.2437599	-415.5103921	-0.0285822	0.0219874	0.0116602	0.0563365	0.0561796	0.1125161	0.0001570
4.2529473	-0.0218746	-0.1369550	0.0025882	0.8299733	-415.5103921	-0.0218746	0.0221847	0.0107175	0.0565916	0.0563676	0.1129592	0.0002240
4.3029799	-0.0130628	-0.1495152	0.0030485	-0.3737021	-415.5103921	-0.0130628	0.0218559	0.0086918	0.0565998	0.0563637	0.1129635	0.0002362
4.3530125	-0.0123394	-0.1560255	0.0033115	0.0981934	-415.5103921	-0.0123394	0.0222505	0.0129840	0.0564726	0.0563088	0.1127813	0.0001638
4.4030450	-0.0083280	-0.1569461	0.0027197	0.1323887	-415.5103921	-0.0083280	0.0220532	0.0101961	0.0563260	0.0561545	0.1124805	0.0001716
4.4530776	-0.0131943	-0.1482000	0.0031143	-0.3737021	-415.5103921	-0.0131943	0.0221190	0.0105972	0.0561858	0.0560315	0.1122172	0.0001543
4.5031102	-0.0177317	-0.1268937	0.0029827	0.2760090	-415.5103921	-0.0177317	0.0219874	0.0095141	0.0562519	0.0561389	0.1123908	0.0001131
4.5531428	-0.0279246	-0.0977619	0.0029827	-0.6130693	-415.5103921	-0.0279246	0.0217902	0.0088723	0.0563276	0.0561942	0.1125218	0.0001335
4.6031754	-0.0202964	-0.0571879	0.0032458	-0.2847942	-415.5103921	-0.0202964	0.0221847	0.0096545	0.0561866	0.0559504	0.1121370	0.0002362
4.6532079	-0.0242420	-0.0117476	0.0026539	0.7068701	-415.5103921	-0.0242420	0.0220532	0.0107777	0.0564754	0.0564573	0.1129327	0.0000181
4.7032405	-0.0033302	0.0313254	0.0033115	-0.4899662	-415.5103921	-0.0033302	0.0221190	0.0125026	0.0564237	0.0564095	0.1128331	0.0000142
4.7532731	-0.0164823	0.0682827	0.0033115	0.4401466	-415.5103921	-0.0164823	0.0219217	0.0101359	0.0561575	0.0562812	0.1124388	-0.0001237
4.8033057	-0.0182578	0.0897862	0.0032458	0.8983639	-415.5103921	-0.0182578	0.0218559	0.0105370	0.0569890	0.0568770	0.1138659	0.0001120
4.8533637	-0.0151013	0.0982036	0.0032458	-0.8182413	-415.5103921	-0.0151013	0.0215271	0.0114998	0.0564198	0.0563731	0.1127929	0.0000467
4.9033963	-0.0124709	0.0853146	0.0026539	0.5085372	-415.5103921	-0.0124709	0.0221847	0.0092534	0.0564847	0.0565362	0.1130209	-0.0000515
4.9534288	-0.0212828	0.0586159	0.0030485	-0.1343348	-415.5103921	-0.0212828	0.0215929	0.0114797	0.0564826	0.0562670	0.1127496	0.0002156
5.0034614	-0.0260175	0.0123864	0.0037061	-0.1616911	-415.5103921	-0.0260175	0.0217902	0.0139868	0.0565231	0.0567171	0.1132402	-0.0001939
